<?xml version="1.0" encoding="utf-8"?>
<COLLADA xmlns="http://www.collada.org/2005/11/COLLADASchema" version="1.4.1">
  <asset><contributor><author></author><authoring_tool>FBX COLLADA exporter</authoring_tool><comments></comments></contributor><created>2016-05-27T15:14:31Z</created><keywords></keywords><modified>2016-05-27T15:14:31Z</modified><revision></revision><subject></subject><title></title><unit meter="0.010000" name="centimeter"></unit><up_axis>Y_UP</up_axis></asset>
  <library_materials>
    <material id="lambert2" name="lambert2">
      <instance_effect url="#lambert2-fx"/>
    </material>
  </library_materials>
  <library_effects>
    <effect id="lambert2-fx" name="lambert2">
      <profile_COMMON>
        <technique sid="standard">
          <lambert>
            <emission>
              <color sid="emission">0.000000  0.000000 0.000000 1.000000</color>
            </emission>
            <ambient>
              <color sid="ambient">0.000000  0.000000 0.000000 1.000000</color>
            </ambient>
            <diffuse>
              <color sid="diffuse">0.400000  0.400000 0.400000 1.000000</color>
            </diffuse>
            <transparent opaque="RGB_ZERO">
              <color sid="transparent">0.000000  0.000000 0.000000 1.000000</color>
            </transparent>
            <transparency>
              <float sid="transparency">1.000000</float>
            </transparency>
          </lambert>
        </technique>
      </profile_COMMON>
    </effect>
  </library_effects>
  <library_geometries>
    <geometry id="T_mesh-lib" name="T_meshMesh">
      <mesh>
        <source id="T_mesh-POSITION">
          <float_array id="T_mesh-POSITION-array" count="84">
-1.000000 -3.815124 1.000000
1.000000 -3.815124 1.000000
-1.000000 3.815124 1.000000
1.000000 3.815124 1.000000
-1.000000 3.815124 -1.000000
1.000000 3.815124 -1.000000
-1.000000 -3.815124 -1.000000
1.000000 -3.815124 -1.000000
1.000000 2.178664 1.000000
-1.000000 2.178664 1.000000
-1.000000 2.178664 -1.000000
1.000000 2.178664 -1.000000
2.707978 2.178664 -1.000000
2.707978 2.178664 1.000000
2.707978 3.815124 -1.000000
2.707978 3.815124 1.000000
3.929608 2.178664 -1.000000
3.929608 2.178664 1.000000
3.929608 3.815124 -1.000000
3.929608 3.815124 1.000000
-3.021679 3.184538 1.000000
-3.021679 3.184538 -1.000000
-2.256751 4.631218 1.000000
-2.256751 4.631218 -1.000000
-3.765191 3.577667 1.000000
-3.765191 3.577667 -1.000000
-3.000262 5.024348 1.000000
-3.000262 5.024348 -1.000000
</float_array>
          <technique_common>
            <accessor source="#T_mesh-POSITION-array" count="28" stride="3">
              <param name="X" type="float"/>
              <param name="Y" type="float"/>
              <param name="Z" type="float"/>
            </accessor>
          </technique_common>
        </source>
        <source id="T_mesh-Normal0">
          <float_array id="T_mesh-Normal0-array" count="468">
0.000000 0.000000 1.000000
0.000000 0.000000 1.000000
0.000000 0.000000 1.000000
0.000000 0.000000 1.000000
0.000000 0.000000 1.000000
0.000000 0.000000 1.000000
0.000000 1.000000 0.000000
0.000000 1.000000 0.000000
0.000000 1.000000 0.000000
0.000000 1.000000 0.000000
0.000000 1.000000 0.000000
0.000000 1.000000 0.000000
0.000000 0.000000 -1.000000
0.000000 0.000000 -1.000000
0.000000 0.000000 -1.000000
0.000000 0.000000 -1.000000
0.000000 0.000000 -1.000000
0.000000 0.000000 -1.000000
0.000000 -1.000000 0.000000
0.000000 -1.000000 0.000000
0.000000 -1.000000 0.000000
0.000000 -1.000000 0.000000
0.000000 -1.000000 0.000000
0.000000 -1.000000 0.000000
1.000000 0.000000 0.000000
1.000000 0.000000 0.000000
1.000000 0.000000 0.000000
1.000000 0.000000 0.000000
1.000000 0.000000 0.000000
1.000000 0.000000 0.000000
-1.000000 0.000000 0.000000
-1.000000 0.000000 0.000000
-1.000000 0.000000 0.000000
-1.000000 0.000000 0.000000
-1.000000 0.000000 0.000000
-1.000000 0.000000 0.000000
0.000000 0.000000 1.000000
0.000000 0.000000 1.000000
0.000000 0.000000 1.000000
0.000000 0.000000 1.000000
0.000000 0.000000 1.000000
0.000000 0.000000 1.000000
-0.884031 0.467429 0.000000
-0.884031 0.467429 0.000000
-0.884031 0.467429 0.000000
-0.884031 0.467429 0.000000
-0.884031 0.467429 0.000000
-0.884031 0.467429 0.000000
0.000000 0.000000 -1.000000
0.000000 0.000000 -1.000000
0.000000 0.000000 -1.000000
0.000000 0.000000 -1.000000
0.000000 0.000000 -1.000000
0.000000 0.000000 -1.000000
1.000000 0.000000 0.000000
1.000000 0.000000 0.000000
1.000000 0.000000 0.000000
1.000000 0.000000 0.000000
1.000000 0.000000 0.000000
1.000000 0.000000 0.000000
0.000000 -1.000000 0.000000
0.000000 -1.000000 0.000000
0.000000 -1.000000 0.000000
0.000000 -1.000000 0.000000
0.000000 -1.000000 0.000000
0.000000 -1.000000 0.000000
0.000000 0.000000 -1.000000
0.000000 0.000000 -1.000000
0.000000 0.000000 -1.000000
0.000000 0.000000 -1.000000
0.000000 0.000000 -1.000000
0.000000 0.000000 -1.000000
0.000000 1.000000 0.000000
0.000000 1.000000 0.000000
0.000000 1.000000 0.000000
0.000000 1.000000 0.000000
0.000000 1.000000 0.000000
0.000000 1.000000 0.000000
0.000000 0.000000 1.000000
0.000000 0.000000 1.000000
0.000000 0.000000 1.000000
0.000000 0.000000 1.000000
0.000000 0.000000 1.000000
0.000000 0.000000 1.000000
0.000000 -1.000000 0.000000
0.000000 -1.000000 0.000000
0.000000 -1.000000 0.000000
0.000000 -1.000000 0.000000
0.000000 -1.000000 0.000000
0.000000 -1.000000 0.000000
0.000000 0.000000 -1.000000
0.000000 0.000000 -1.000000
0.000000 0.000000 -1.000000
0.000000 0.000000 -1.000000
0.000000 0.000000 -1.000000
0.000000 0.000000 -1.000000
0.000000 1.000000 0.000000
0.000000 1.000000 0.000000
0.000000 1.000000 0.000000
0.000000 1.000000 0.000000
0.000000 1.000000 0.000000
0.000000 1.000000 0.000000
0.000000 0.000000 1.000000
0.000000 0.000000 1.000000
0.000000 0.000000 1.000000
0.000000 0.000000 1.000000
0.000000 0.000000 1.000000
0.000000 0.000000 1.000000
-0.445454 -0.895305 0.000000
-0.445454 -0.895305 0.000000
-0.445453 -0.895305 0.000000
-0.445454 -0.895305 0.000000
-0.445454 -0.895305 0.000000
-0.445453 -0.895305 0.000000
0.000000 0.000000 1.000000
0.000000 0.000000 1.000000
0.000000 0.000000 1.000000
0.000000 0.000000 1.000000
0.000000 0.000000 1.000000
0.000000 0.000000 1.000000
0.544616 0.838686 0.000000
0.544616 0.838686 0.000000
0.544616 0.838686 0.000000
0.544616 0.838686 0.000000
0.544616 0.838686 0.000000
0.544616 0.838686 0.000000
0.000000 0.000000 -1.000000
0.000000 0.000000 -1.000000
0.000000 0.000000 -1.000000
0.000000 0.000000 -1.000000
0.000000 0.000000 -1.000000
0.000000 0.000000 -1.000000
-0.467428 -0.884031 0.000000
-0.467428 -0.884031 0.000000
-0.467428 -0.884031 0.000000
-0.467428 -0.884031 0.000000
-0.467428 -0.884031 0.000000
-0.467428 -0.884031 0.000000
0.000000 0.000000 1.000000
0.000000 0.000000 1.000000
0.000000 0.000000 1.000000
0.000000 0.000000 1.000000
0.000000 0.000000 1.000000
0.000000 0.000000 1.000000
0.467429 0.884030 0.000000
0.467429 0.884030 0.000000
0.467429 0.884030 0.000000
0.467429 0.884030 0.000000
0.467429 0.884030 0.000000
0.467429 0.884030 0.000000
0.000000 0.000000 -1.000000
0.000000 0.000000 -1.000000
0.000000 0.000000 -1.000000
0.000000 0.000000 -1.000000
0.000000 0.000000 -1.000000
0.000000 0.000000 -1.000000
</float_array>
          <technique_common>
            <accessor source="#T_mesh-Normal0-array" count="156" stride="3">
              <param name="X" type="float"/>
              <param name="Y" type="float"/>
              <param name="Z" type="float"/>
            </accessor>
          </technique_common>
        </source>
        <source id="T_mesh-UV0">
          <float_array id="T_mesh-UV0-array" count="72">
0.375000 0.000000
0.625000 0.000000
0.375000 0.250000
0.625000 0.250000
0.375000 0.500000
0.625000 0.500000
0.375000 0.750000
0.625000 0.750000
0.375000 1.000000
0.625000 1.000000
0.875000 0.000000
0.875000 0.250000
0.125000 0.000000
0.125000 0.250000
0.625000 0.196382
0.375000 0.196382
0.125000 0.196382
0.375000 0.553617
0.625000 0.553617
0.875000 0.196382
0.625000 0.196382
0.875000 0.196382
0.875000 0.250000
0.625000 0.250000
0.625000 0.196382
0.875000 0.196382
0.875000 0.250000
0.625000 0.250000
0.125000 0.196382
0.375000 0.196382
0.375000 0.250000
0.125000 0.250000
0.125000 0.196382
0.375000 0.196382
0.375000 0.250000
0.125000 0.250000
</float_array>
          <technique_common>
            <accessor source="#T_mesh-UV0-array" count="36" stride="2">
              <param name="S" type="float"/>
              <param name="T" type="float"/>
            </accessor>
          </technique_common>
        </source>
        <vertices id="T_mesh-VERTEX">
          <input semantic="POSITION" source="#T_mesh-POSITION"/>
        </vertices>
        <triangles count="52" material="lambert2"><input semantic="VERTEX" offset="0" source="#T_mesh-VERTEX"/><input semantic="NORMAL" offset="1" source="#T_mesh-Normal0"/><input semantic="TEXCOORD" offset="2" set="0" source="#T_mesh-UV0"/><p> 9 0 15 1 1 1 8 2 14 1 3 1 9 4 15 0 5 0 3 6 3 5 7 5 2 8 2 2 9 2 5 10 5 4 11 4 6 12 6 10 13 17 7 14 7 7 15 7 10 16 17 11 17 18 1 18 9 0 19 8 6 20 6 1 21 9 6 22 6 7 23 7 7 24 10 11 25 19 1 26 1 8 27 14 1 28 1 11 29 19 9 30 15 6 31 12 0 32 0 6 33 12 9 34 15 10 35 16 3 36 3 2 37 2 9 38 15 3 39 3 9 40 15 8 41 14 26 42 34 25 43 32 24 44 33 25 45 32 26 46 34 27 47 35 11 48 18 10 49 17 4 50 4 11 51 18 4 52 4 5 53 5 19 54 27 17 55 24 18 56 26 17 57 24 16 58 25 18 59 26 13 60 20 8 61 14 12 62 21 8 63 14 11 64 19 12 65 21 12 66 21 11 67 19 14 68 22 11 69 19 5 70 11 14 71 22 15 72 23 5 73 11 3 74 3 5 75 11 15 76 23 14 77 22 15 78 23 3 79 3 13 80 20 3 81 3 8 82 14 13 83 20 17 84 24 13 85 20 16 86 25 13 87 20 12 88 21 16 89 25 16 90 25 12 91 21 18 92 26 12 93 21 14 94 22 18 95 26 19 96 27 14 97 22 15 98 23 14 99 22 19 100 27 18 101 26 19 102 27 15 103 23 17 104 24 15 105 23 13 106 20 17 107 24 20 108 29 10 109 16 9 110 15 10 111 16 20 112 29 21 113 28 2 114 2 20 115 29 9 116 15 20 117 29 2 118 2 22 119 30 22 120 30 2 121 2 23 122 31 2 123 2 4 124 13 23 125 31 21 126 28 4 127 13 10 128 16 21 129 28 23 130 31 4 131 13 24 132 33 21 133 28 20 134 29 21 135 28 24 136 33 25 137 32 26 138 34 20 139 29 22 140 30 20 141 29 26 142 34 24 143 33 27 144 35 26 145 34 22 146 30 22 147 30 23 148 31 27 149 35 27 150 35 21 151 28 25 152 32 21 153 28 27 154 35 23 155 31</p></triangles>
      </mesh>
    </geometry>
  </library_geometries>
  <library_controllers>
    <controller id="T_meshController">
      <skin source="#T_mesh-lib">
        <bind_shape_matrix>1.000000 -0.000000 0.000000 0.000000 0.000000 1.000000 -0.000000 3.815124 0.000000 0.000000 1.000000 0.000000 0.000000 0.000000 0.000000 1.000000
</bind_shape_matrix>
        <source id="T_meshController-Joints">
          <Name_array id="T_meshController-Joints-array" count="4">
 joint1 joint2 joint3 joint5</Name_array>
          <technique_common>
            <accessor source="#T_meshController-Joints-array" count="4">
              <param type="name"/>
            </accessor>
          </technique_common>
        </source>
        <source id="T_meshController-Matrices">
          <float_array id="T_meshController-Matrices-array" count="64">

0.000000 1.000000 0.000000 -0.000000 -1.000000 0.000000 0.000000 -0.000000 0.000000 -0.000000 1.000000 -0.000000 0.000000 0.000000 0.000000 1.000000
0.999224 -0.039378 0.000000 0.293363 0.039378 0.999224 -0.000000 -7.036686 -0.000000 -0.000000 1.000000 -0.000000 0.000000 0.000000 0.000000 1.000000
0.999474 0.032415 0.000000 -3.463073 -0.032415 0.999474 0.000000 -6.805758 0.000000 -0.000000 1.000000 -0.000000 0.000000 0.000000 0.000000 1.000000
-0.999614 0.027767 -0.000000 -3.265229 0.027767 0.999614 -0.000000 -7.773294 -0.000000 -0.000000 -1.000000 0.000000 0.000000 0.000000 0.000000 1.000000</float_array>
          <technique_common>
            <accessor source="#T_meshController-Matrices-array" count="4" stride="16">
              <param type="float4x4"/>
            </accessor>
          </technique_common>
        </source>
        <source id="T_meshController-Weights">
          <float_array id="T_meshController-Weights-array" count="57">

1.000000 0.991095 0.008905 0.990680 0.009320 0.253064 0.746936 0.315405 0.684595 0.253064 0.746936 0.315405 0.684595 0.991095 0.008905 0.990680
0.009320 0.498013 0.501987 0.600165 0.399835 0.600165 0.399835 0.498013 0.501987 0.544344 0.455656 0.544344 0.455656 0.569231 0.430769 0.569231
0.430769 0.500000 0.500000 0.500000 0.500000 0.500000 0.500000 0.500000 0.500000 0.513230 0.486770 0.513230 0.486770 0.575772 0.424228 0.575772
0.424228 0.500000 0.500000 0.500000 0.500000 0.500000 0.500000 0.500000 0.500000</float_array>
          <technique_common>
            <accessor source="#T_meshController-Weights-array" count="57">
              <param type="float"/>
            </accessor>
          </technique_common>
        </source>
        <joints>
          <input semantic="JOINT" source="#T_meshController-Joints"/>
          <input semantic="INV_BIND_MATRIX" source="#T_meshController-Matrices"/>
        </joints>
        <vertex_weights count="28">
          <input semantic="JOINT" offset="0" source="#T_meshController-Joints"/>
          <input semantic="WEIGHT" offset="1" source="#T_meshController-Weights"/>
          <vcount>2 2 2 2 2 2 2 2 2 2 2 2 2 2 2 2 2 2 2 2 2 2 2 2 2 2 2 2</vcount>
          <v>0 1 1 2 0 3 1 4 0 5 1 6 0 7 1 8 0 9 1 10 0 11 1 12 0 13 1 14 0 15 1 16 0 17 1 18 0 19 1 20 0 21 1 22 0 23 1 24 1 25 2 26 1 27 2 28 1 29 2 30 1 31 2 32 1 33 2 34 1 35 2 36 1 37 2 38 1 39 2 40 1 41 3 42 1 43 3 44 1 45 3 46 1 47 3 48 1 49 3 50 1 51 3 52 1 53 3 54 1 55 3 56</v>
        </vertex_weights>
      </skin>
    </controller>
  </library_controllers>
  <library_animations>
    <animation id="joint1-anim" name="joint1"><animation><source id="joint1-Matrix-animation-input"><float_array id="joint1-Matrix-animation-input-array" count="60">

0.041667 0.083333 0.125000 0.166667 0.208333 0.250000 0.291667 0.333333 0.375000 0.416667 0.458333 0.500000 0.541667 0.583333 0.625000 0.666667
0.708333 0.750000 0.791667 0.833333 0.875000 0.916667 0.958333 1.000000 1.041667 1.083333 1.125000 1.166667 1.208333 1.250000 1.291667 1.333333
1.375000 1.416667 1.458333 1.500000 1.541667 1.583333 1.625000 1.666667 1.708333 1.750000 1.791667 1.833333 1.875000 1.916667 1.958333 2.000000
2.041667 2.083333 2.125000 2.166667 2.208333 2.250000 2.291667 2.333333 2.375000 2.416667 2.458333 2.500000</float_array><technique_common><accessor source="#joint1-Matrix-animation-input-array" count="60"><param name="TIME" type="float"/></accessor></technique_common></source><source id="joint1-Matrix-animation-output-transform"><float_array id="joint1-Matrix-animation-output-transform-array" count="960">

0.000000 -1.000000 0.000000 0.000000 1.000000 0.000000 0.000000 0.000000 0.000000 0.000000 1.000000 0.000000 0.000000 0.000000 0.000000 1.000000
0.000015 -1.000000 0.000000 0.000000 1.000000 0.000015 0.000000 0.000000 0.000000 0.000000 1.000000 0.000000 0.000000 0.000000 0.000000 1.000000
0.000059 -1.000000 0.000000 0.000000 1.000000 0.000059 0.000000 0.000000 0.000000 0.000000 1.000000 0.000000 0.000000 0.000000 0.000000 1.000000
0.000131 -1.000000 0.000000 0.000000 1.000000 0.000131 0.000000 0.000000 0.000000 0.000000 1.000000 0.000000 0.000000 0.000000 0.000000 1.000000
0.000230 -1.000000 0.000000 0.000000 1.000000 0.000230 0.000000 0.000000 0.000000 0.000000 1.000000 0.000000 0.000000 0.000000 0.000000 1.000000
0.000355 -1.000000 0.000000 0.000000 1.000000 0.000355 0.000000 0.000000 0.000000 0.000000 1.000000 0.000000 0.000000 0.000000 0.000000 1.000000
0.000505 -1.000000 0.000000 0.000000 1.000000 0.000505 0.000000 0.000000 0.000000 0.000000 1.000000 0.000000 0.000000 0.000000 0.000000 1.000000
0.000679 -1.000000 0.000000 0.000000 1.000000 0.000679 0.000000 0.000000 0.000000 0.000000 1.000000 0.000000 0.000000 0.000000 0.000000 1.000000
0.000876 -1.000000 0.000000 0.000000 1.000000 0.000876 0.000000 0.000000 0.000000 0.000000 1.000000 0.000000 0.000000 0.000000 0.000000 1.000000
0.001094 -0.999999 0.000000 0.000000 0.999999 0.001094 0.000000 0.000000 0.000000 0.000000 1.000000 0.000000 0.000000 0.000000 0.000000 1.000000
0.001334 -0.999999 0.000000 0.000000 0.999999 0.001334 0.000000 0.000000 0.000000 0.000000 1.000000 0.000000 0.000000 0.000000 0.000000 1.000000
0.001594 -0.999999 0.000000 0.000000 0.999999 0.001594 0.000000 0.000000 0.000000 0.000000 1.000000 0.000000 0.000000 0.000000 0.000000 1.000000
0.001872 -0.999998 0.000000 0.000000 0.999998 0.001872 0.000000 0.000000 0.000000 0.000000 1.000000 0.000000 0.000000 0.000000 0.000000 1.000000
0.002169 -0.999998 0.000000 0.000000 0.999998 0.002169 0.000000 0.000000 0.000000 0.000000 1.000000 0.000000 0.000000 0.000000 0.000000 1.000000
0.002482 -0.999997 0.000000 0.000000 0.999997 0.002482 0.000000 0.000000 0.000000 0.000000 1.000000 0.000000 0.000000 0.000000 0.000000 1.000000
0.002811 -0.999996 0.000000 0.000000 0.999996 0.002811 0.000000 0.000000 0.000000 0.000000 1.000000 0.000000 0.000000 0.000000 0.000000 1.000000
0.003155 -0.999995 0.000000 0.000000 0.999995 0.003155 0.000000 0.000000 0.000000 0.000000 1.000000 0.000000 0.000000 0.000000 0.000000 1.000000
0.003512 -0.999994 0.000000 0.000000 0.999994 0.003512 0.000000 0.000000 0.000000 0.000000 1.000000 0.000000 0.000000 0.000000 0.000000 1.000000
0.003882 -0.999992 0.000000 0.000000 0.999992 0.003882 0.000000 0.000000 0.000000 0.000000 1.000000 0.000000 0.000000 0.000000 0.000000 1.000000
0.004264 -0.999991 0.000000 0.000000 0.999991 0.004264 0.000000 0.000000 0.000000 0.000000 1.000000 0.000000 0.000000 0.000000 0.000000 1.000000
0.004657 -0.999989 0.000000 0.000000 0.999989 0.004657 0.000000 0.000000 0.000000 0.000000 1.000000 0.000000 0.000000 0.000000 0.000000 1.000000
0.005059 -0.999987 0.000000 0.000000 0.999987 0.005059 0.000000 0.000000 0.000000 0.000000 1.000000 0.000000 0.000000 0.000000 0.000000 1.000000
0.005470 -0.999985 0.000000 0.000000 0.999985 0.005470 0.000000 0.000000 0.000000 0.000000 1.000000 0.000000 0.000000 0.000000 0.000000 1.000000
0.005889 -0.999983 0.000000 0.000000 0.999983 0.005889 0.000000 0.000000 0.000000 0.000000 1.000000 0.000000 0.000000 0.000000 0.000000 1.000000
0.006314 -0.999980 0.000000 0.000000 0.999980 0.006314 0.000000 0.000000 0.000000 0.000000 1.000000 0.000000 0.000000 0.000000 0.000000 1.000000
0.006745 -0.999977 0.000000 0.000000 0.999977 0.006745 0.000000 0.000000 0.000000 0.000000 1.000000 0.000000 0.000000 0.000000 0.000000 1.000000
0.007181 -0.999974 0.000000 0.000000 0.999974 0.007181 0.000000 0.000000 0.000000 0.000000 1.000000 0.000000 0.000000 0.000000 0.000000 1.000000
0.007620 -0.999971 0.000000 0.000000 0.999971 0.007620 0.000000 0.000000 0.000000 0.000000 1.000000 0.000000 0.000000 0.000000 0.000000 1.000000
0.008062 -0.999968 0.000000 0.000000 0.999968 0.008062 0.000000 0.000000 0.000000 0.000000 1.000000 0.000000 0.000000 0.000000 0.000000 1.000000
0.008505 -0.999964 0.000000 0.000000 0.999964 0.008505 0.000000 0.000000 0.000000 0.000000 1.000000 0.000000 0.000000 0.000000 0.000000 1.000000
0.008948 -0.999960 0.000000 0.000000 0.999960 0.008948 0.000000 0.000000 0.000000 0.000000 1.000000 0.000000 0.000000 0.000000 0.000000 1.000000
0.009391 -0.999956 0.000000 0.000000 0.999956 0.009391 0.000000 0.000000 0.000000 0.000000 1.000000 0.000000 0.000000 0.000000 0.000000 1.000000
0.009833 -0.999952 0.000000 0.000000 0.999952 0.009833 0.000000 0.000000 0.000000 0.000000 1.000000 0.000000 0.000000 0.000000 0.000000 1.000000
0.010272 -0.999947 0.000000 0.000000 0.999947 0.010272 0.000000 0.000000 0.000000 0.000000 1.000000 0.000000 0.000000 0.000000 0.000000 1.000000
0.010708 -0.999943 0.000000 0.000000 0.999943 0.010708 0.000000 0.000000 0.000000 0.000000 1.000000 0.000000 0.000000 0.000000 0.000000 1.000000
0.011139 -0.999938 0.000000 0.000000 0.999938 0.011139 0.000000 0.000000 0.000000 0.000000 1.000000 0.000000 0.000000 0.000000 0.000000 1.000000
0.011564 -0.999933 0.000000 0.000000 0.999933 0.011564 0.000000 0.000000 0.000000 0.000000 1.000000 0.000000 0.000000 0.000000 0.000000 1.000000
0.011983 -0.999928 0.000000 0.000000 0.999928 0.011983 0.000000 0.000000 0.000000 0.000000 1.000000 0.000000 0.000000 0.000000 0.000000 1.000000
0.012394 -0.999923 0.000000 0.000000 0.999923 0.012394 0.000000 0.000000 0.000000 0.000000 1.000000 0.000000 0.000000 0.000000 0.000000 1.000000
0.012796 -0.999918 0.000000 0.000000 0.999918 0.012796 0.000000 0.000000 0.000000 0.000000 1.000000 0.000000 0.000000 0.000000 0.000000 1.000000
0.013189 -0.999913 0.000000 0.000000 0.999913 0.013189 0.000000 0.000000 0.000000 0.000000 1.000000 0.000000 0.000000 0.000000 0.000000 1.000000
0.013571 -0.999908 0.000000 0.000000 0.999908 0.013571 0.000000 0.000000 0.000000 0.000000 1.000000 0.000000 0.000000 0.000000 0.000000 1.000000
0.013941 -0.999903 0.000000 0.000000 0.999903 0.013941 0.000000 0.000000 0.000000 0.000000 1.000000 0.000000 0.000000 0.000000 0.000000 1.000000
0.014298 -0.999898 0.000000 0.000000 0.999898 0.014298 0.000000 0.000000 0.000000 0.000000 1.000000 0.000000 0.000000 0.000000 0.000000 1.000000
0.014642 -0.999893 0.000000 0.000000 0.999893 0.014642 0.000000 0.000000 0.000000 0.000000 1.000000 0.000000 0.000000 0.000000 0.000000 1.000000
0.014971 -0.999888 0.000000 0.000000 0.999888 0.014971 0.000000 0.000000 0.000000 0.000000 1.000000 0.000000 0.000000 0.000000 0.000000 1.000000
0.015284 -0.999883 0.000000 0.000000 0.999883 0.015284 0.000000 0.000000 0.000000 0.000000 1.000000 0.000000 0.000000 0.000000 0.000000 1.000000
0.015580 -0.999879 0.000000 0.000000 0.999879 0.015580 0.000000 0.000000 0.000000 0.000000 1.000000 0.000000 0.000000 0.000000 0.000000 1.000000
0.015859 -0.999874 0.000000 0.000000 0.999874 0.015859 0.000000 0.000000 0.000000 0.000000 1.000000 0.000000 0.000000 0.000000 0.000000 1.000000
0.016118 -0.999870 0.000000 0.000000 0.999870 0.016118 0.000000 0.000000 0.000000 0.000000 1.000000 0.000000 0.000000 0.000000 0.000000 1.000000
0.016358 -0.999866 0.000000 0.000000 0.999866 0.016358 0.000000 0.000000 0.000000 0.000000 1.000000 0.000000 0.000000 0.000000 0.000000 1.000000
0.016577 -0.999863 0.000000 0.000000 0.999863 0.016577 0.000000 0.000000 0.000000 0.000000 1.000000 0.000000 0.000000 0.000000 0.000000 1.000000
0.016774 -0.999859 0.000000 0.000000 0.999859 0.016774 0.000000 0.000000 0.000000 0.000000 1.000000 0.000000 0.000000 0.000000 0.000000 1.000000
0.016948 -0.999856 0.000000 0.000000 0.999856 0.016948 0.000000 0.000000 0.000000 0.000000 1.000000 0.000000 0.000000 0.000000 0.000000 1.000000
0.017098 -0.999854 0.000000 0.000000 0.999854 0.017098 0.000000 0.000000 0.000000 0.000000 1.000000 0.000000 0.000000 0.000000 0.000000 1.000000
0.017223 -0.999852 0.000000 0.000000 0.999852 0.017223 0.000000 0.000000 0.000000 0.000000 1.000000 0.000000 0.000000 0.000000 0.000000 1.000000
0.017322 -0.999850 0.000000 0.000000 0.999850 0.017322 0.000000 0.000000 0.000000 0.000000 1.000000 0.000000 0.000000 0.000000 0.000000 1.000000
0.017394 -0.999849 0.000000 0.000000 0.999849 0.017394 0.000000 0.000000 0.000000 0.000000 1.000000 0.000000 0.000000 0.000000 0.000000 1.000000
0.017437 -0.999848 0.000000 0.000000 0.999848 0.017437 0.000000 0.000000 0.000000 0.000000 1.000000 0.000000 0.000000 0.000000 0.000000 1.000000
0.017452 -0.999848 0.000000 0.000000 0.999848 0.017452 0.000000 0.000000 0.000000 0.000000 1.000000 0.000000 0.000000 0.000000 0.000000 1.000000</float_array><technique_common><accessor source="#joint1-Matrix-animation-output-transform-array" count="60" stride="16"><param type="float4x4"/></accessor></technique_common></source><source id="joint1-Interpolations"><Name_array id="joint1-Interpolations-array" count="60">
 LINEAR LINEAR LINEAR LINEAR LINEAR LINEAR LINEAR LINEAR LINEAR LINEAR LINEAR
LINEAR LINEAR LINEAR LINEAR LINEAR LINEAR LINEAR LINEAR LINEAR LINEAR LINEAR LINEAR
LINEAR LINEAR LINEAR LINEAR LINEAR LINEAR LINEAR LINEAR LINEAR LINEAR LINEAR LINEAR
LINEAR LINEAR LINEAR LINEAR LINEAR LINEAR LINEAR LINEAR LINEAR LINEAR LINEAR LINEAR
LINEAR LINEAR LINEAR LINEAR LINEAR LINEAR LINEAR LINEAR LINEAR LINEAR LINEAR LINEAR
LINEAR</Name_array><technique_common><accessor source="#joint1-Interpolations-array" count="60"><param type="name"/></accessor></technique_common></source><sampler id="joint1-Matrix-animation-transform"><input semantic="INPUT" source="#joint1-Matrix-animation-input"/><input semantic="OUTPUT" source="#joint1-Matrix-animation-output-transform"/><input semantic="INTERPOLATION" source="#joint1-Interpolations"/></sampler><channel source="#joint1-Matrix-animation-transform" target="joint1/matrix"/></animation><animation><source id="joint1-visibility-animation-input"><float_array id="joint1-visibility-animation-input-array" count="2">

0.041667 2.500000</float_array><technique_common><accessor source="#joint1-visibility-animation-input-array" count="2"><param name="TIME" type="float"/></accessor></technique_common></source><source id="joint1-visibility-animation-output"><float_array id="joint1-visibility-animation-output-array" count="2">

1.000000 1.000000</float_array><technique_common><accessor source="#joint1-visibility-animation-output-array" count="2"><param type="float"/></accessor></technique_common></source><source id="joint1-visibility-animation-intan"><float_array id="joint1-visibility-animation-intan-array" count="2">

0.000000 0.000000</float_array><technique_common><accessor source="#joint1-visibility-animation-intan-array" count="2"><param type="float"/></accessor></technique_common></source><source id="joint1-visibility-animation-outtan"><float_array id="joint1-visibility-animation-outtan-array" count="2">

0.000000 0.000000</float_array><technique_common><accessor source="#joint1-visibility-animation-outtan-array" count="2"><param type="float"/></accessor></technique_common></source><source id="joint1-visibility-animation-interpolation"><Name_array id="joint1-visibility-animation-interpolation-array" count="2">
 STEP STEP</Name_array><technique_common><accessor source="#joint1-visibility-animation-interpolation-array" count="2"><param type="name"/></accessor></technique_common></source><sampler id="joint1-visibility-animation"><input semantic="INPUT" source="#joint1-visibility-animation-input"/><input semantic="OUTPUT" source="#joint1-visibility-animation-output"/><input semantic="IN_TANGENT" source="#joint1-visibility-animation-intan"/><input semantic="OUT_TANGENT" source="#joint1-visibility-animation-outtan"/><input semantic="INTERPOLATION" source="#joint1-visibility-animation-interpolation"/></sampler><channel source="#joint1-visibility-animation" target="joint1/visibility"/></animation></animation>
    <animation id="joint2-anim" name="joint2"><animation><source id="joint2-Matrix-animation-input"><float_array id="joint2-Matrix-animation-input-array" count="30">

0.041667 0.083333 0.125000 0.166667 0.208333 0.250000 0.291667 0.333333 0.375000 0.416667 0.458333 0.500000 0.541667 0.583333 0.625000 0.666667
0.708333 0.750000 0.791667 0.833333 0.875000 0.916667 0.958333 1.000000 1.041667 1.083333 1.125000 1.166667 1.208333 1.250000</float_array><technique_common><accessor source="#joint2-Matrix-animation-input-array" count="30"><param name="TIME" type="float"/></accessor></technique_common></source><source id="joint2-Matrix-animation-output-transform"><float_array id="joint2-Matrix-animation-output-transform-array" count="480">

-0.039378 0.999224 0.000000 7.042781 -0.999224 -0.039378 0.000000 0.016043 0.000000 0.000000 1.000000 0.000000 0.000000 0.000000 0.000000 1.000000
-0.004709 0.998615 0.052399 7.042781 -0.999989 -0.004703 -0.000247 0.016043 -0.000000 -0.052400 0.998626 0.000000 0.000000 0.000000 0.000000 1.000000
0.088119 0.977630 0.190981 7.042781 -0.996110 0.086484 0.016895 0.016043 0.000000 -0.191727 0.981448 0.000000 0.000000 0.000000 0.000000 1.000000
0.220952 0.899685 0.376493 7.042781 -0.975285 0.203825 0.085295 0.016043 0.000000 -0.386034 0.922484 0.000000 0.000000 0.000000 0.000000 1.000000
0.373072 0.745580 0.552203 7.042781 -0.927802 0.299800 0.222042 0.016043 -0.000000 -0.595173 0.803598 0.000000 0.000000 0.000000 0.000000 1.000000
0.522830 0.535729 0.663056 7.042781 -0.852437 0.328582 0.406676 0.016043 0.000000 -0.777836 0.628467 0.000000 0.000000 0.000000 0.000000 1.000000
0.651602 0.322022 0.686816 7.042781 -0.758561 0.276616 0.589974 0.016043 0.000000 -0.905420 0.424517 0.000000 0.000000 0.000000 0.000000 1.000000
0.747475 0.154689 0.646028 7.042781 -0.664290 0.174060 0.726926 0.016043 -0.000000 -0.972509 0.232864 0.000000 0.000000 0.000000 0.000000 1.000000
0.805900 0.055880 0.589408 7.042781 -0.592051 0.076064 0.802303 0.016043 -0.000000 -0.995536 0.094384 0.000000 0.000000 0.000000 0.000000 1.000000
0.825944 0.023727 0.563253 7.042781 -0.563753 0.034762 0.825212 0.016043 0.000000 -0.999114 0.042088 0.000000 0.000000 0.000000 0.000000 1.000000
0.791022 0.066700 0.608141 7.042781 -0.611788 0.086241 0.786307 0.016043 -0.000000 -0.994039 0.109025 0.000000 0.000000 0.000000 0.000000 1.000000
0.682559 0.210021 0.700004 7.042781 -0.730831 0.196149 0.653768 0.016043 0.000000 -0.957819 0.287373 0.000000 0.000000 0.000000 0.000000 1.000000
0.491378 0.462670 0.737892 7.042781 -0.870946 0.261033 0.416310 0.016043 -0.000000 -0.847230 0.531227 0.000000 0.000000 0.000000 0.000000 1.000000
0.223275 0.755096 0.616424 7.042781 -0.974756 0.172960 0.141196 0.016043 0.000000 -0.632389 0.774651 0.000000 0.000000 0.000000 0.000000 1.000000
-0.088664 0.942399 0.322525 7.042781 -0.996062 -0.083887 -0.028709 0.016043 0.000000 -0.323800 0.946126 0.000000 0.000000 0.000000 0.000000 1.000000
-0.391936 0.919702 -0.023133 7.042781 -0.919993 -0.391812 0.009855 0.016043 0.000000 0.025145 0.999684 0.000000 0.000000 0.000000 0.000000 1.000000
-0.637488 0.723415 -0.265103 7.042781 -0.770461 -0.598562 0.219349 0.016043 -0.000000 0.344084 0.938939 0.000000 0.000000 0.000000 0.000000 1.000000
-0.800914 0.487394 -0.347828 7.042781 -0.598780 -0.651926 0.465247 0.016043 0.000000 0.580895 0.813978 0.000000 0.000000 0.000000 0.000000 1.000000
-0.886645 0.321505 -0.332408 7.042781 -0.462451 -0.616414 0.637317 0.016043 -0.000000 0.718796 0.695221 0.000000 0.000000 0.000000 0.000000 1.000000
-0.912533 0.263982 -0.312404 7.042781 -0.409002 -0.588976 0.697011 0.016043 -0.000000 0.763820 0.645430 0.000000 0.000000 0.000000 0.000000 1.000000
-0.899382 0.290201 -0.326948 7.042781 -0.437163 -0.597034 0.672636 0.016043 0.000000 0.747886 0.663827 0.000000 0.000000 0.000000 0.000000 1.000000
-0.859347 0.363983 -0.359220 7.042781 -0.511393 -0.611638 0.603635 0.016043 0.000000 0.702435 0.711748 0.000000 0.000000 0.000000 0.000000 1.000000
-0.789299 0.476872 -0.386782 7.042781 -0.614010 -0.613011 0.497202 0.016043 0.000000 0.629928 0.776653 0.000000 0.000000 0.000000 0.000000 1.000000
-0.687978 0.613624 -0.387494 7.042781 -0.725732 -0.581703 0.367336 0.016043 0.000000 0.533936 0.845525 0.000000 0.000000 0.000000 0.000000 1.000000
-0.560022 0.751459 -0.348833 7.042781 -0.828478 -0.507960 0.235799 0.016043 0.000000 0.421052 0.907036 0.000000 0.000000 0.000000 0.000000 1.000000
-0.416985 0.866701 -0.273775 7.042781 -0.908914 -0.397619 0.125600 0.016043 0.000000 0.301211 0.953558 0.000000 0.000000 0.000000 0.000000 1.000000
-0.275547 0.944395 -0.179422 7.042781 -0.961288 -0.270705 0.051430 0.016043 0.000000 0.186648 0.982427 0.000000 0.000000 0.000000 0.000000 1.000000
-0.154215 0.984003 -0.089195 7.042781 -0.988037 -0.153585 0.013922 0.016043 0.000000 0.090275 0.995917 0.000000 0.000000 0.000000 0.000000 1.000000
-0.070411 0.997223 -0.024275 7.042781 -0.997518 -0.070390 0.001713 0.016043 0.000000 0.024335 0.999704 0.000000 0.000000 0.000000 0.000000 1.000000
-0.039378 0.999224 0.000000 7.042781 -0.999224 -0.039378 0.000000 0.016043 0.000000 0.000000 1.000000 0.000000 0.000000 0.000000 0.000000 1.000000</float_array><technique_common><accessor source="#joint2-Matrix-animation-output-transform-array" count="30" stride="16"><param type="float4x4"/></accessor></technique_common></source><source id="joint2-Interpolations"><Name_array id="joint2-Interpolations-array" count="30">
 LINEAR LINEAR LINEAR LINEAR LINEAR LINEAR LINEAR LINEAR LINEAR LINEAR LINEAR
LINEAR LINEAR LINEAR LINEAR LINEAR LINEAR LINEAR LINEAR LINEAR LINEAR LINEAR LINEAR
LINEAR LINEAR LINEAR LINEAR LINEAR LINEAR LINEAR</Name_array><technique_common><accessor source="#joint2-Interpolations-array" count="30"><param type="name"/></accessor></technique_common></source><sampler id="joint2-Matrix-animation-transform"><input semantic="INPUT" source="#joint2-Matrix-animation-input"/><input semantic="OUTPUT" source="#joint2-Matrix-animation-output-transform"/><input semantic="INTERPOLATION" source="#joint2-Interpolations"/></sampler><channel source="#joint2-Matrix-animation-transform" target="joint2/matrix"/></animation><animation><source id="joint2-visibility-animation-input"><float_array id="joint2-visibility-animation-input-array" count="4">

0.041667 0.416667 0.833333 1.250000</float_array><technique_common><accessor source="#joint2-visibility-animation-input-array" count="4"><param name="TIME" type="float"/></accessor></technique_common></source><source id="joint2-visibility-animation-output"><float_array id="joint2-visibility-animation-output-array" count="4">

1.000000 1.000000 1.000000 1.000000</float_array><technique_common><accessor source="#joint2-visibility-animation-output-array" count="4"><param type="float"/></accessor></technique_common></source><source id="joint2-visibility-animation-intan"><float_array id="joint2-visibility-animation-intan-array" count="4">

0.000000 -0.000000 -0.000000 -0.000000</float_array><technique_common><accessor source="#joint2-visibility-animation-intan-array" count="4"><param type="float"/></accessor></technique_common></source><source id="joint2-visibility-animation-outtan"><float_array id="joint2-visibility-animation-outtan-array" count="4">

0.000000 0.000000 0.000000 0.000000</float_array><technique_common><accessor source="#joint2-visibility-animation-outtan-array" count="4"><param type="float"/></accessor></technique_common></source><source id="joint2-visibility-animation-interpolation"><Name_array id="joint2-visibility-animation-interpolation-array" count="4">
 LINEAR LINEAR LINEAR LINEAR</Name_array><technique_common><accessor source="#joint2-visibility-animation-interpolation-array" count="4"><param type="name"/></accessor></technique_common></source><sampler id="joint2-visibility-animation"><input semantic="INPUT" source="#joint2-visibility-animation-input"/><input semantic="OUTPUT" source="#joint2-visibility-animation-output"/><input semantic="IN_TANGENT" source="#joint2-visibility-animation-intan"/><input semantic="OUT_TANGENT" source="#joint2-visibility-animation-outtan"/><input semantic="INTERPOLATION" source="#joint2-visibility-animation-interpolation"/></sampler><channel source="#joint2-visibility-animation" target="joint2/visibility"/></animation></animation>
    <animation id="joint3-anim" name="joint3"><animation><source id="joint3-Matrix-animation-input"><float_array id="joint3-Matrix-animation-input-array" count="30">

0.041667 0.083333 0.125000 0.166667 0.208333 0.250000 0.291667 0.333333 0.375000 0.416667 0.458333 0.500000 0.541667 0.583333 0.625000 0.666667
0.708333 0.750000 0.791667 0.833333 0.875000 0.916667 0.958333 1.000000 1.041667 1.083333 1.125000 1.166667 1.208333 1.250000</float_array><technique_common><accessor source="#joint3-Matrix-animation-input-array" count="30"><param name="TIME" type="float"/></accessor></technique_common></source><source id="joint3-Matrix-animation-output-transform"><float_array id="joint3-Matrix-animation-output-transform-array" count="480">

0.997423 -0.071748 0.000000 3.259212 0.071748 0.997423 0.000000 0.000000 0.000000 0.000000 1.000000 0.000000 0.000000 0.000000 0.000000 1.000000
0.994335 -0.106288 -0.000000 3.259212 0.106288 0.994335 -0.000000 0.000000 0.000000 0.000000 1.000000 0.000000 0.000000 0.000000 0.000000 1.000000
0.980179 -0.198112 -0.000000 3.259212 0.198112 0.980179 0.000000 0.000000 -0.000000 -0.000000 1.000000 0.000000 0.000000 0.000000 0.000000 1.000000
0.944742 -0.327814 0.000000 3.259212 0.327814 0.944742 0.000000 -0.000000 -0.000000 0.000000 1.000000 0.000000 0.000000 0.000000 0.000000 1.000000
0.880673 -0.473725 -0.000000 3.259212 0.473725 0.880673 0.000000 -0.000000 -0.000000 -0.000000 1.000000 0.000000 0.000000 0.000000 0.000000 1.000000
0.789154 -0.614195 -0.000000 3.259212 0.614195 0.789154 -0.000000 0.000000 -0.000000 -0.000000 1.000000 0.000000 0.000000 0.000000 0.000000 1.000000
0.681568 -0.731755 0.000000 3.259212 0.731755 0.681568 0.000000 0.000000 -0.000000 -0.000000 1.000000 -0.000000 0.000000 0.000000 0.000000 1.000000
0.577241 -0.816574 0.000000 3.259212 0.816574 0.577241 -0.000000 0.000000 0.000000 -0.000000 1.000000 0.000000 0.000000 0.000000 0.000000 1.000000
0.498965 -0.866622 -0.000000 3.259212 0.866622 0.498965 -0.000000 0.000000 -0.000000 0.000000 1.000000 0.000000 0.000000 0.000000 0.000000 1.000000
0.468617 -0.883402 0.000000 3.259212 0.883402 0.468617 0.000000 0.000000 0.000000 -0.000000 1.000000 -0.000000 0.000000 0.000000 0.000000 1.000000
0.541580 -0.840649 -0.000000 3.259212 0.840649 0.541580 -0.000000 0.000000 0.000000 -0.000000 1.000000 0.000000 0.000000 0.000000 0.000000 1.000000
0.718694 -0.695327 -0.000000 3.259212 0.695327 0.718694 0.000000 0.000000 0.000000 0.000000 1.000000 -0.000000 0.000000 0.000000 0.000000 1.000000
0.908754 -0.417332 -0.000000 3.259212 0.417332 0.908754 0.000000 -0.000000 0.000000 -0.000000 1.000000 -0.000000 0.000000 0.000000 0.000000 1.000000
0.999807 -0.019632 -0.000000 3.259212 0.019632 0.999807 -0.000000 0.000000 0.000000 -0.000000 1.000000 0.000000 0.000000 0.000000 0.000000 1.000000
0.910007 0.414593 0.000000 3.259212 -0.414593 0.910007 0.000000 0.000000 -0.000000 0.000000 1.000000 0.000000 0.000000 0.000000 0.000000 1.000000
0.641286 0.767302 -0.000000 3.259212 -0.767302 0.641286 0.000000 0.000000 0.000000 -0.000000 1.000000 0.000000 0.000000 0.000000 0.000000 1.000000
0.281444 0.959578 0.000000 3.259212 -0.959578 0.281444 0.000000 0.000000 0.000000 0.000000 1.000000 0.000000 0.000000 0.000000 0.000000 1.000000
-0.053043 0.998592 0.000000 3.259212 -0.998592 -0.053043 0.000000 0.000000 -0.000000 -0.000000 1.000000 0.000000 0.000000 0.000000 0.000000 1.000000
-0.278925 0.960313 0.000000 3.259212 -0.960313 -0.278925 0.000000 0.000000 -0.000000 -0.000000 1.000000 0.000000 0.000000 0.000000 0.000000 1.000000
-0.359065 0.933313 0.000000 3.259212 -0.933313 -0.359065 0.000000 0.000000 0.000000 0.000000 1.000000 -0.000000 0.000000 0.000000 0.000000 1.000000
-0.306001 0.952031 0.000000 3.259212 -0.952031 -0.306001 -0.000000 -0.000000 -0.000000 0.000000 1.000000 0.000000 0.000000 0.000000 0.000000 1.000000
-0.157580 0.987506 0.000000 3.259212 -0.987506 -0.157580 -0.000000 0.000000 -0.000000 0.000000 1.000000 0.000000 0.000000 0.000000 0.000000 1.000000
0.066817 0.997765 0.000000 3.259212 -0.997765 0.066817 0.000000 0.000000 -0.000000 -0.000000 1.000000 -0.000000 0.000000 0.000000 0.000000 1.000000
0.333684 0.942685 0.000000 3.259212 -0.942685 0.333684 0.000000 0.000000 0.000000 0.000000 1.000000 0.000000 0.000000 0.000000 0.000000 1.000000
0.595325 0.803485 -0.000000 3.259212 -0.803485 0.595325 0.000000 0.000000 0.000000 -0.000000 1.000000 0.000000 0.000000 0.000000 0.000000 1.000000
0.804677 0.593713 0.000000 3.259212 -0.593713 0.804677 0.000000 0.000000 -0.000000 0.000000 1.000000 -0.000000 0.000000 0.000000 0.000000 1.000000
0.935076 0.354447 -0.000000 3.259212 -0.354447 0.935076 -0.000000 0.000000 0.000000 0.000000 1.000000 0.000000 0.000000 0.000000 0.000000 1.000000
0.990600 0.136787 -0.000000 3.259212 -0.136787 0.990600 0.000000 0.000000 0.000000 -0.000000 1.000000 0.000000 0.000000 0.000000 0.000000 1.000000
0.999879 -0.015533 -0.000000 3.259212 0.015533 0.999879 0.000000 0.000000 0.000000 0.000000 1.000000 0.000000 0.000000 0.000000 0.000000 1.000000
